010419211
010666592
010984090
010848459
006721123
010811496
010872983
011446443
006922244
010910878
010797460
010526549
010464078
010583180
010480982
010583066
010854555
010662202
010485250
002306756
010601284
011507101
011493732
011463211
011138155
011153539
010987985
011018648
011152159
011465813
011460018
011304958
011442465
012366084
011242721
012404086
009579641
010682541
008395660
011391957
011656840
011403044
012110942
011414511
011812062
011853255
011818800
011909839
011960862
011923270
012070811
012066335
012020329
011918099
003120431
003246984
003342970
011754553
012459725
012644822
002713049
002440757
002445129
003114167
004139816
003114661
003115833
012470844
004275191
003453214
004476123
003554600
003832474
003734868
003838486
003836375
003351888
003641726
003935914
004049131
005287983
005358241
005358624
010875245
004544670
011913073
005115978
004936180
003940418
004664847
004913852
005077629
005164255
004725681
005021899
005252423
010875245
004932348
005272878
005283542
005792202
005649215
005651104
005376067
005370302
005372966
005436502
005456651
005531576
005794379
006422070
006291653
006428700
005534814
006392727
005881688
006022556
005481416
006032497
003531558
006061119
006867155
006948054
006191521
006276477
006522242
006863998
006267425
006435936
006526710
006587280
009471974
006599919
006685526
006756669
006784235
006675056
006849310
006862328
009471974
007366258
011869052
007373451
006949607
007031517
007109675
006862603
007134976
007118364
007135852
007270230
003247396
007287995
005094751
007303253
007708215
007678434
008349582
007380537
007377033
007434875
007455287
007685981
005812701
007552344
000757450
007458762
008013419
007585481
008039892
007663691
008150320
011086270
008018547
007767559
007870390
007849854
007825899
007907423
007938496
008490993
008505670
008552202
008544996
008226994
008247638
008180063
008255887
008256049
008414716
009140402
009159275
009166870
009166862
011449844
009141746
008628973
008655354
008605074
008672910
008686150
008689031
008689373
005897826
008826878
008883593
008951215
009016295
009097120
009077124
009334289
009466668
009479273
008359498
009388479
009171801
011359879
009904059
009415172
009406990
003231341
009347899
010319385
010460629
003560301
007626506
004044005
002860866
006579806
010485069
003233043
010482160
011502218
006209637
011180361
005802246
007684873
005988031
008559644
006066403
003130300
002851100
003240158
010341913
003218908
003228959
010350571
010287723
010480921
011013201
003632418
003441784
011673674
009414417
005820218
003749365
005809890
006131236
005876368
009048161
003235672
002837111
002307199
003869825
003120276
003547091
011494130
011192141
005648449
003344419
004042026
003655332
008607720
012167361
009032900
001433962
005956342
002854914
003443790
003865567
005956656
003966912
011607193
003544689
003337425
003109930
004037164
003116412
008394721
001161345
010227501
002854698
005964985
006032981
006066416
003114811
003003992
005866099
001996679
002849805
002853446
003942446
007295235
010743597
002302548
009818381
006060203
005880320
006359798
006124941
003554031
006311681
006307537
006301035
006365321
010015516
003859079
004061149
003444588
003962243
010154388
003557493
001432789
001718189
006147122
005130369
003964562
006037187
005735762
008257407
008218274
006307521
006292162
003848972
003860441
006359320
003765771
003644071
003557341
003858949
003858824
007601633
001431122
002157247
003859628
006362874
008242681
006272413
008246781
008279765
008330548
008222813
003348082
008260218
008264070
003853673
003447722
001871056
002165002
002441728
008386035
008240904
008414907
012105051
003438507
003869014
008397446
001432214
003756801
001865042
008374494
002438502
010232123
008244190
002309585
008229696
005780460
010223616
008378634
008262210
008397675
010272640
008415745
008312852
011974540
008288947
009480189
008346392
008644288
009512687
001722276
005446285
001725016
001027438
010166274
000892772
010153827
008299955
008351704
008313667
010268907
008302450
009513865
009605514
009595686
010158990
005728283
009661877
006047498
010149023
008125580
008158127
008127639
008410727
010141900
008278371
008280511
005297298
009772531
009710326
009775938
009761882
009766437
008176653
008174625
008183911
008179973
010157458
004649305
010118816
003124412
010122255
010148521
003835670
010295951
010351767
010342041
010287248
010514770
009787239
002309719
002715135
002445154
002558363
003232859
003113266
003247268
002720309
003098184
010342065
010354039
009820483
002716853
009823457
009941662
010426656
007778437
002166206
002574201
010330115
010352945
002164169
004180280
002584163
003239636
002721030
002574338
003340070
010528068
003230491
010468940
003329204
001026957
010002261
009825625
009875711
005963222
007661409
008176650
005982353
002162635
008506766
005899544
003240706
002853093
006205468
010341831
003245969
010337517
010351231
010485179
010657664
008561063
008892910
003228824
003337351
005817553
005816811
007102227
005802486
005982368
006153201
005816165
006960913
011122894
011129738
006837146
011401182
011512246
011030711
006448890
006690082
010730034
006607286
010858691
008107380
011075279
006936909
011176127
011014932
008030148
006607447
006692833
006693640
010973814
006677256
010586208
006541920
007174351
006932987
008801343
011288505
011493431
006441738
008620565
006962977
010785538
010713616
008616873
010963242
010854768
008191672
010964440
008560285
006934291
008488878
006851425
007357531
006185711
011037335
008737796
008454250
011389771
010925104
010585852
008848271
008462258
010794087
010928043
008494263
007287415
006924203
006878167
006880531
004275739
006863839
007296086
011027624
011193263
011032227
011599038
008751933
008630788
004070376
005652237
004480676
006766634
008823426
004164994
007211469
004079535
004078157
007375795
006774826
007255336
007532973
009632895
007802136
008560840
007449844
004639868
007831264
004551328
008678594
004076098
004282872
010555375
008703884
007025526
008766222
004372768
007211221
011044770
009451127
011600889
011197126
011356260
011043167
008612847
009446824
008757910
008813698
008519253
008547140
008552583
004074736
004072526
004150539
008953257
004455231
011336883
008971432
009527915
009143254
004274548
008949247
009278553
012506351
007622486
009705459
008552498
008972058
008631160
008564587
008806072
004285107
004150624
009346253
009002237
009288786
008958035
008583696
008800954
007842610
009040849
008552565
008804283
007832356
009202151
007830637
009643874
004155328
004760746
004077526
002441495
008937021
009110357
003732821
003962440
003534076
003962357
009455556
008609450
008935810
009427402
004243911
004466677
003858704
004135665
009030447
009034103
009214942
009269281
003749134
009100484
003556220
009157908
003939150
003660924
008509361
008628758
008822366
011666881
004275721
004650674
008742590
008874090
009271752
003839488
004386059
009007866
009264949
003442055
009150827
012252424
003542588
008700771
010960993
003440861
010599397
004136466
007284688
007199774
004570931
008950853
006866228
009391208
010843203
010879208
009391506
007037540
004043190
009006449
006613006
004060815
010790387
010874226
006847018
010661771
003640905
006631721
010874926
010924853
007220322
006606653
010748393
007303287
008916492
006956233
011193447
011599264
006621116
006620003
006629332
011517719
006432059
011100657
006387450
010874614
006470149
010549562
010666230
006891543
010971674
007211141
007363829
005084942
011125936
007376983
011342550
006719086
011497958
011026304
006462874
006665223
006546528
006390824
006545358
010676923
010864656
010604335
010975146
010538176
011177707
011611600
006677841
011254382
009970525
006383821
006946199
010867062
010724369
010538176
010744335
004860678
005177104
006531491
007023960
010033279
005009189
009836959
008230616
009838949
009895006
009896558
009589323
009823487
009573539
012108312
009602514
005371776
009886661
009726659
005477805
010055126
005009743
007950644
010019065
010213902
010080248
011821363
010015937
009842906
010810838
007629518
004828341
010963065
008046659
009899280
006268648
010125352
005474733
010019763
005308663
004278221
010905746
004940438
005357901
008242434
011820830
009636135
007841925
006185331
004276716
007215603
010214162
005561278
007287683
011774387
005219234
012504988
006869184
006387542
009015738
008266276
008323753
006604328
010799735
008396405
009719634
007439316
012061238
012400538
005184584
005636648
006975129
008685497
004365645
005564247
005438099
011391018
007199906
008197343
006543893
006786348
007032421
009535080
009813499
012254792
006209677
009641018
012020218
007690844
008009350
009277896
005210475
010749128
009017682
008082001
007918217
009401997
011904734
010686864
009631995
008043714
010153011
005031857
007901948
009784222
011870545
011955499
010879038
005376836
010990917
005557821
010004519
011043136
011046025
005771719
009729691
010904857
007871954
009520668
004950232
012418724
008651389
007456001
010028792
005299459
005553652
011177543
011153121
003967760
011337141
007549209
006705142
006803202
007663405
005387843
009818462
009765975
004067336
012506770
005629985
009898364
011337372
009651668
009909735
004471747
011547505
011546211
011337833
011502867
011551692
012266636
007869917
009850893
004826110
009824805
004918309
005193400
007939330
012602568
005972334
004832197
004650733
004830605
009761199
004844004
009579499
007768451
012120943
007751571
007691260
011913013
011954842
009821454
007972785
004932442
009932970
010022908
007672940
005360920
005617854
005269467
007838655
011702948
011455491
011764462
009512981
004741126
007808587
011656246
007770450
005301750
005531953
006034945
005526717
012159249
009851226
011669125
008692861
009872292
005530882
009480310
011858748
007543649
008081482
006048024
004178389
010028140
009963461
005542466
006049190
006149553
006198999
006310636
006616218
012365184
007761545
010748390
011804465
007499398
004770365
009663113
004840513
009895709
005217586
010006581
005649956
007222086
006696462
005289854
007220429
008113154
007811397
012403119
012406749
005270698
005475431
009842890
010027323
005024450
012019440
005282049
005039228
010004738
007386827
007522911
007304449
007626370
007703955
007512982
009940565
008053552
007812167
009597806
008111381
005283458
005474613
004860932
005438757
011760959
005444549
007898352
012062667
009692345
007815744
011402995
009899355
007750419
007951018
002985767
009836149
009892816
007984047
004813563
012644774
007747425
009790806
002304320
009902856
006468138
006382217
003657758
010019708
005375194
011875734
007449136
007046804
008680979
007697568
007269493
005513648
009030537
006949061
007887791
009164836
006305192
011657891
009634821
008950568
011673802
011601584
003326377
008689793
004263293
007948784
006205897
009244756
009650808
008804845
010480915
011709244
007668663
011853878
005728139
007047922
009353314
009111849
004743513
009347009
011253711
004917596
003629967
011046458
003448130
006026438
007132798
009471268
009656252
010657406
008766650
005809954
005526527
010328393
011773328
007094486
002693736
007289577
009412760
008543100
010663396
005856571
011457726
009649706
008956206
011760231
007765528
007779077
005706966
003762468
006046540
010130039
007273277
012301181
011769890
009518318
006862721
009279354
006774880
003937519
007449541
005080636
003338885
006776401
008226050
009704384
009965957
008257205
010094670
012508335
008426567
009044228
008142942
003248501
002307415
007430034
009735426
009763348
007265298
008826168
010464050
009101496
010723750
006037581
010779233
003128552
011614617
010384798
004736569
010134152
011450414
010329835
009573685
006849046
009662811
008804397
011570749
007755636
008218379
011297236
009411166
010074466
006152974
004989057
006061773
009834040
008802693
010024701
002579043
003239671
009304101
011360571
008160953
006035124
009955598
007219761
005770074
010136549
012154526
004157325
009851271
006665512
011069176
010005758
010158418
010525027
005864975
003128793
007877496
005511081
007286173
002975770
011126381
003648437
004149450
008098728
010978763
002449431
006504954
005631630
009410930
006153672
009520838
010676014
008167996
005731623
005202905
005384079
006773862
004056616
010602291
009072190
009839821
011017901
008492026
006867766
006707908
006058614
011298298
005088591
010187159
009758089
010619192
009883311
010190777
004242147
008750043
004939346
009651234
007045496
005396122
009595827
009349482
004349442
004644952
009973109
008978528
006226290
009967771
010454632
002987027
010005788
011622600
010656508
005213902
002832589
002438513
008564674
007761918
008578780
008240797
006356207
004544907
003098810
006279974
009455325
009071386
010332883
009305831
011656918
011923284
004636578
009536692
010844890
008367644
005621125
009597058
008624520
010666242
009872283
009838975
007870032
011758544
004035640
006205228
004851530
009489524
006300348
008277797
002989404
005124667
003118797
010063802
009549648
005940165
007102316
011074178
011413812
011030475
006206214
008959839
007672097
006142862
008099138
005599774
007033233
005942808
006383785
011774991
007008211
007620413
009411412
004545187
010854546
011811193
010212441
009071593
008126558
008681734
003734418
008261920
010232693
008165946
006119141
008247771
009112931
012017109
009022166
010709622
009225395
011499228
010965588
008491277
004043443
012256520
008613535
010670119
003337432
005629538
006941084
008561231
008235924
011460462
006200235
008612275
007286911
005706595
008591173
009717943
007207061
008026752
009654875
001872821
011774303
010329469
008013439
010489345
006921944
004140813
008611781
010518424
005601258
007207061
008164012
008107225
009532052
003097926
005730445
003458028
005716932
007960980
003342794
007515670
011288051
011566256
009415108
004055304
004857213
004262581
008591693
008495415
004833421
003548044
008282651
011401767
010909127
003661886
009221517
006751874
002439243
005385304
010863608
005547480
009405595
002141783
005602588
011462341
004144576
008494542
003832716
009992325
011073656
003546060
010206675
008453211
007019489
008973129
012505654
007215678
009945370
011461844
009351920
010549023
002161536
011670125
008219268
009661979
010531955
007449554
008168187
009718066
004142847
003867615
003440978
010203349
012121570
008410415
007987866
009086251
011342416
011560897
009904006
009532710
004254466
005801571
005288570
009364609
007457296
010328458
007050060
004248120
009580992
004049901
008321314
006934986
011498128
005022828
012254909
008041216
011824786
009364290
008233702
011403339
010798331
008260902
008381204
012058204
012058147
005357545
009334893
009963265
008164257
010583761
007542813
010593759
005342473
006021193
006774537
009289704
010404582
005959753
009278725
006287313
006871071
010874215
008042453
010857519
004458082
010617017
007661065
006666233
009517393
008866137
009351316
003229150
007989422
008892157
009641481
007219825
011569782
010010440
010026544
011718144
004247991
011520459
009473078
003749978
010864531
002853780
009472000
010253547
008914779
010600955
006185476
012116380
010801100
002556650
012505076
002854181
007097965
010132832
007504778
008963721
004249725
006768394
004473226
006062929
003967326
005211199
008804455
003219995
005546761
009205938
010723367
009003401
008229458
005005121
010684670
011495458
006922710
005978559
008872048
007746958
005705819
011358389
011348997
007204981
004370527
006696580
003847907
005125347
006041734
009336200
004454934
004770617
010730703
011192235
007120108
008007644
009458343
009006186
007918992
008505920
011308499
006525946
012401863
007802719
005534941
005023956
002990873
011121752
009307509
010158729
006105462
005021737
006047072
003862246
011410904
004173026
003120355
005350244
010471621
011769801
004914566
005374403
006198182
001995519
004349452
010925113
008676038
010024051
011752906
008073806
010453588
010419312
008074328
003234598
011125613
006956014
007212184
009757613
007259298
006605493
009574179
005307858
004670217
009088780
008894646
006211812
008611832
011391755
009210387
011852982
008559152
003122913
005621586
002718778
009229657
005175024
009026749
009159242
012061096
012216278
006933567
005794240
011303815
010027247
006044553
009993529
006343170
007107802
009654468
005212220
010028535
011752632
007047207
009964748
009842937
006867588
008247770
011962284
002573056
006842682
007501646
008890150
008838950
011922678
011360805
012453581
009845898
011179076
005364071
005542983
005959719
012257999
005544903
009474493
004551663
006922203
011752908
008256453
004346178
007021681
009664142
010018233
008081899
008478994
008631504
010189557
009965184
009911882
005471574
006767840
011818872
008379705
008110767
009896018
011771430
011037511
011253827
005513012
011761199
008074805
002437505
007047363
009880190
008836888
010387742
003533469
011968463
007673841
008429566
005392702
008956706
009283156
008803882
005546691
009827149
009893318
008547429
012156347
005097868
008636539
006864885
008570333
005036705
007294743
009653622
009574158
012016267
003861595
010468885
008947520
005725087
006765135
004391348
010489206
003426367
011548140
012110786
005562090
005342061
003654095
004459924
005339567
005078939
004047631
005529738
006867555
011080405
010059645
008212002
008004903
007183745
005514383
008883329
008022489
003644653
009209624
010747445
003946023
003354846
007515762
009177629
005942949
012120307
006516185
007778767
007446631
007183745
011701407
006864893
009777251
010813132
007289317
006500206
005545815
012208631
003116302
007879433
008463346
009205907
007531677
010068659
002443393
009019191
009718379
003002478
006670075
008631751
005521300
006507427
009753154
004055774
009395024
009011825
011074835
011401822
005174858
004172746
012254688
005991936
006269070
001996180
005095635
006705137
008345172
004247791
004172013
012254378
005042210
010407221
007604328
012454461
011236244
003728701
009635606
009837685
002305866
010861715
001849702
009390653
008885673
011187837
005956787
008025596
009712350
003642741
012071037
008494617
007382313
011295426
009887224
007542369
010289119
008544992
007289162
012306058
006183511
006351097
011465950
004915638
004665571
009269042
004829935
006199056
009996632
008081905
011461433
011818607
008380709
006149910
009108085
009696358
005436013
005039129
008676148
010916600
007984574
010336951
009592579
010527135
008481129
002142522
008429314
009580167
009395719
008746295
008240617
011622985
010090257
008757824
010679583
011361283
008753896
009832208
006124512
010070468
010202759
011337566
007584650
010031656
005007345
012120484
006429812
005963582
006846911
005385439
006364215
011403389
009851662
004476423
006467363
008758204
008733898
011133306
010332213
007090524
007008149
008292840
005871985
003228945
006307063
003834322
004677282
010591855
005097470
011453592
011188249
004858610
004832175
009730163
007749773
009451706
010064256
009815053
010073672
006842807
004381282
009697131
005480640
010122538
007609553
009008737
009692128
006521045
008167959
005175986
010917043
004075015
012602314
003230753
011401755
006697605
004664046
008358012
006294819
006350476
005272233
004180401
005787131
011456382
003130548
006346809
005272233
004275117
006545051
005513866
004547603
009593757
006345732
005688910
005716763
008259713
005443604
008611257
012416987
011098013
010880507
012206313
003861611
009837661
003425851
008190354
011874577
010397751
007815931
006356692
006026737
004991208
006679295
009642292
012164564
005383248
008243283
009092504
009466429
004365442
003957082
005652893
010001368
003241557
008885643
008681833
004138951
003102384
010471515
004935172
009467404
008176564
008760040
010098844
011127479
005184911
005308666
011662184
006587105
009899181
005428668
010604521
005041569
009838468
008884274
004861791
004385148
008617363
006781548
007767162
007673192
011807274
005905822
007670943
005649833
006697756
006364276
010793172
008801316
007136729
005108946
004367854
010876237
012314973
010597693
010363281
003346154
006233573
005308387
004861527
009898447
005775129
011135308
008077137
002985587
007019524
008429415
008873090
005642620
009825174
005014903
005980783
008415200
012008872
004072333
009886361
003730335
006528464
007428316
010275766
006370120
005794570
009652649
005209845
006779260
006129524
005953297
005649325
011197853
002442448
007659389
012023078
011283615
009665922
009472074
006716021
003859363
006364162
007605093
007463685
011231334
006614629
008326342
004831728
003336765
006630943
011963206
002436378
004270565
006878240
004249611
010068024
002853828
004035667
008263545
009636563
007202957
007899070
005475641
005513893
007826659
006937402
008095441
009612825
005881813
010514430
012456601
009591070
007428736
011129258
010586004
003241604
010341917
005817986
005790807
008227661
004939533
004846856
005369827
006197215
008687088
005302643
010265602
009692557
008892303
006586746
009244508
006436029
009366886
003969687
009369366
005185897
003657176
006716545
004552729
002989706
003097346
005717567
009109857
009881077
006265792
009995402
003663173
011414465
005609593
005436338
009475552
002708885
006612284
011071200
004483138
003545135
010905911
006964929
011565924
008703129
006432345
006607357
005196864
009693006
005471202
006837283
009640439
006627507
005128673
005613821
006690836
008639908
005481148
006186964
011076400
007877978
012024120
003642289
007903086
003662838
005966322
008210018
006029239
008248939
012107021
001571511
012106929
012404954
002438070
003747262
010190075
009119568
006196457
003328052
009070666
010749059
009020114
003642335
006071903
006289257
007668416
011623629
006063220
003545478
004815520
010905239
006603043
007175184
007109851
011565544
011403530
005088536
012072872
012406807
006291837
007347246
005096590
009650989
007024222
007050989
008494142
006609270
007024511
008046689
005652983
008494142
006471021
011554435
008241079
007906671
008709688
003348285
011618601
007582689
007603200
007419318
008686097
009025922
012356617
007364176
009959589
007732285
012643589
003323887
006929841
005124254
012168993
011508644
007700622
009716391
008895758
008008067
010031500
002446113
007051180
011137180
002449074
005903749
009838804
011572193
003756264
011285870
008581240
008121310
008156120
008684730
008700558
005524881
008753657
008554498
003847708
003942670
003858804
003849155
007186665
010585738
006949898
006388770
002973386
007676423
009288237
007022573
009139084
009641041
002452450
007837302
011720424
011714231
009724984
008948424
003231137
003353050
003446746
005695396
003230578
005217891
006523351
006593150
005445681
008051946
012416661
011499192
008258171
008197793
009881662
005551672
009880467
009895004
010620329
003656121
003733628
003831053
008751796
009834731
004072955
008695311
004076976
006357290
007097534
007609674
005092266
009907129
009527334
010285631
010031885
003544595
011361646
004159347
003964109
004376644
004165960
004252322
009714550
005475042
006263593
010252275
006964159
009541295
010290666
010337258
010383687
009301506
011455181
010518725
005450893
010470206
004770174
009959492
008827575
005091016
008703887
009899352
007281454
008949925
005440317
006945786
006056992
005978170
007216284
002716801
010545066
010552611
010587105
006948480
011090556
010686814
006438099
006021275
003752110
010554967
003234843
008192911
010878263
010616571
010982872
010908248
001717722
005688790
004141376
002720514
011019987
008360640
009468551
004857058
009592705
005040077
007534267
010924562
010386922
009076971
010611420
009899505
011074541
011100383
003558981
011015108
007918652
004374339
008847111
004568298
006636320
010488450
004847782
003230805
009230021
004676964
004067925
010933561
011075737
008845026
011189127
011394027
011395587
008866102
011194032
011442793
005520547
004143755
006072593
011200415
005865654
008509442
011259686
003219643
011244137
004848424
011547513
008197560
008546542
011802615
011566064
002445975
011521793
003328080
006531496
012021625
007433585
003848275
009777256
008430964
004175630
003654719
011905011
012785320
002692377
003438975
003742855
010619142
011568987
011621223
003852655
011624249
005702939
012017140
010000941
011255231
007106173
006103377
003324986
008162789
008037145
011912932
008806123
008265218
009210823
008355239
008367113
008474898
009214713
009115800
007429287
008558011
009478990
010934674
009597411
010990886
006850504
011015323
011134879
005866724
008565266
009119458
011192998
004548011
009636569
008822216
008625925
009157634
008616637
008934495
009967884
010189546
008823868
009941859
010016874
010068030
011255761
007941200
011497977
010266615
006444896
010395543
009020160
010717241
010616679
010418224
010843590
012316431
012061222
012404305
012834874
002557816
010454313
010513530
010554999
009076513
009146018
009279669
010937029
010858832
011656302
002576197
010187017
010467815
003239945
010873260
010965008
011073351
011090765
011246364
009607164
009570741
006462863
009631762
009782691
011709124
011904151
012302530
011805075
003559935
011824222
003541800
003834360
011521048
003966801
011853905
011656721
011669239
010600261
010656823
010718726
010676824
002438264
003340312
012470954
004049108
004454752
004757437
011823054
011913012
011972666
007017274
012058931
009886221
009957627
009958962
003745690
003833007
003847138
004833135
010593626
012116489
004852528
012600735
004847534
003437776
010388286
004384675
005544450
004270253
004165473
005021176
005282051
004633570
005340644
005640085
004951877
010294465
004270253
005122112
010973664
006889235
012459913
005779852
006200715
006291033
005461440
006758917
006042214
005689351
007700871
005443837
007692093
009946525
005709725
005303551
007289157
007098355
002695110
007101828
007269974
007440748
005780715
006266741
005738496
005812960
005774349
006501635
005978361
006422367
003217264
007199397
003342592
007504328
007977197
006381846
006665695
006707833
006422155
009785921
004949751
005035972
006786037
004247092
005003117
005218441
008043638
005351250
008621348
008773869
001723078
008056665
006451936
008845205
008890783
007025846
007445445
007119481
005444548
008019043
008397947
009589524
009008220
009955262
009583881
011775507
008891318
006838050
001868404
006937692
007906892
007812179
007595157
005449777
008008206
005478055
007602070
005683743
005791986
008320630
005653126
009844088
010019643
009703198
010123064
007840044
008017703
008015907
008106610
001995712
008120608
006289650
005872150
006508221
011135694
010155434
010460984
002571238
006436505
008022244
008193178
008344004
008216763
002140389
006879865
007975727
003248033
008219673
008352537
009552608
003758499
010577994
010599206
006768616
010068383
010157573
010221013
010227020
010225800
010191070
002299738
004563268
004644604
004742414
007941635
004659405
007619236
004656049
007730747
007630229
007764367
007906882
009024857
006678383
007976520
004827723
002302997
010259031
005090690
008505215
004841374
008161561
005020319
004861736
008409588
011250587
008361905
008480285
010265898
010271806
002302758
005098444
005120087
005113822
005121511
008557374
008738735
008802165
005181817
010271806
004055765
010272442
005131180
008805348
005356593
005309353
008869680
004914423
010340423
010345478
008878187
008891278
010287242
010358759
010843431
005531694
005374854
005596440
005384802
008962094
008908102
009588822
005613330
010386984
005786676
010395381
010418797
008456679
012306808
005796186
005796675
009002278
009162741
005893123
005941160
003749508
009053112
005966154
009300285
009266431
005966660
009426071
006062088
009458613
010729472
004752451
006267535
006020753
010610039
001025986
006125481
006062088
006347299
009578686
009530945
009590976
011284772
002441151
004832837
006425957
006365156
002444412
003970233
005441980
005014753
001293046
005903312
009597345
005608566
010972902
006442340
009640976
005562784
005686174
006309763
001434395
006442340
006685609
009450647
009834719
009702072
009846348
009873254
006587002
009413156
006960456
007368664
008374580
006805146
010318874
006707835
002696205
006960445
009884104
011773022
010384962
006752502
009950612
009846086
010353968
009714696
002711131
007040629
007033671
005780885
009950612
002308411
009963524
012417486
012251650
002834805
012068975
007115785
007124613
008711794
009965439
009963524
002446134
009964801
003541946
010264660
002569995
012068975
007277317
007447200
007509886
007466863
007385509
010002866
002577353
004478168
010005020
007515212
004449034
007529266
002854839
011553706
010489525
002449053
005900390
007598128
010139620
005444334
008686373
005386264
011858979
003542222
007256914
003218844
004636565
006226908
005906694
005530112
009956082
010186945
003241248
003241647
007761585
006755944
002708286
009716302
010419797
006515335
007777471
003103212
010294509
003003019
008029197
003112129
005649837
012257886
010875007
009455677
011465651
005036480
010141938
010275077
008524346
003937814
006592832
005471271
005551228
004548098
003248696
005041847
005306383
003836558
005881120
006106282
006463499
004946584
008254882
006042031
004078311
011967788
007038096
005475735
003103227
011972872
010075409
009899233
003345973
003102309
004850961
008521059
007199060
007733731
008128247
005217574
008439323
010714072
003110177
003230095
010992011
006862332
006276994
003232249
005688683
001293031
009674564
006607644
008694309
005565707
004067110
002859299
007818447
011569475
008951205
008222627
009640907
008700537
005700900
007838675
010858785
007100673
003228986
009402583
007026477
004138557
009551430
002708278
003747817
008483366
002984990
010089911
007758018
011415243
003129238
008264402
011017094
007773179
005471792
005956633
007907808
011145831
003348090
009899065
005112567
008647295
002708343
011444952
003247404
003235282
003444098
009282762
003117046
006311520
009655005
005201115
003955817
003851194
004150496
005092655
005513857
010661778
010272389
007968683
010360722
009091755
003852476
004679687
006349881
009700449
009851970
006140059
001718958
003228825
005726910
003852872
006428794
004673628
009099950
003757407
009272070
004669402
004769931
009220612
005088400
009086154
006806695
003858943
006129694
011970988
010858803
007601918
005957181
006792908
010534155
007211879
005308537
007847104
004863956
008087812
005281113
003347807
008487805
006119877
009456281
003450040
006350882
005129453
006026924
006525280
003336845
003645282
007918478
003732972
009509343
003244792
009142742
004861784
008743082
005876360
004579598
009305012
009597729
006891513
007777522
011390109
005078025
001724719
005512580
011670599
005026326
011872139
006359820
005436161
004571004
005040223
002708221
004571844
010549924
009836563
007582691
005632701
003353454
007031942
002859893
009366617
010156055
010155321
006187341
005024177
011081504
003866536
008459663
008418018
003550372
007046035
008240790
005702637
004679314
004678919
008309169
005983532
005563080
001575873
003439126
006364067
005868793
010063208
007801070
008483021
010669994
011449918
003750350
007191646
004172805
005126182
004584865
009642018
009183378
001724513
007596240
009535876
005817533
007661893
011188254
012107008
007681230
003448456
004754831
007427764
009776794
009899630
004367528
011124436
008416523
003751231
009491832
005780855
009535881
011616596
007816665
002852941
008508126
009872831
008773015
004773392
008507475
005471489
010647452
003531231
009936080
008611344
006383595
009518651
002305311
009011874
006290935
011509504
011611275
011612280
006599949
012734396
008149484
008278685
005536715
012407623
011444514
008492101
003660581
009702006
006778008
008308260
006343576
010794974
002449101
003558849
007259249
011151677
008678691
009640924
010991114
011969092
004945764
011037128
002570773
010329196
006356885
011718389
003542542
011124703
010604592
009777757
009514372
007103919
010722485
009593773
008645191
009285568
007777818
008128067
009717958
009490653
003762750
006937529
009851360
003644631
009640931
003328027
007703910
005125196
003663141
005177859
009640962
012737015
004568117
008482059
005097454
010342248
009286088
008548427
006289344
005860968
009883606
008480582
010936786
005197233
009777290
003645438
006938264
009541089
009899315
003650049
009641076
010525049
008741470
005095082
003839294
012418891
010858737
007698701
002830919
002997459
006752002
003644738
008487645
009202434
008330207
009910942
007257966
007901016
005385410
010407482
009406892
010924340
005817613
005371777
010427700
006359926
008324518
003103473
006629993
003848083
007749002
011296045
006879171
012505503
003124598
007115925
012456063
008374741
003548639
004390912
010526887
003545583
005785279
009897364
005096053
003247503
009828127
004281068
009092496
009959545
004472143
009641144
005802637
008572168
007368137
012509829
005644412
009027841
008953414
002576962
010140274
004458109
008345384
010730070
011044826
002831055
006681687
009072639
007703882
008179190
005340878
007450747
010273903
008890924
009777724
008483241
009240664
008396660
008573193
006528141
004054784
008106112
010745365
007281411
005563937
010736179
006119921
003834317
004141587
009302543
009716028
005992210
010593535
005084171
009701962
004284980
006223324
007741837
006685646
011093335
012004971
011137065
009394768
004574319
004141593
009773980
003644602
010467714
006525106
011912941
006126076
005977470
011769689
009209183
006153407
004355503
006119923
005955621
006523058
008417078
009457948
011519187
004072271
004852297
009851845
006278762
008613218
008548069
009898017
008098212
003127911
009474483
007820699
010399321
006369131
010257229
003539231
006311891
007837733
007834045
010663738
002578017
007694615
008625732
006721380
002831251
007891294
004556468
006201203
009222516
005431027
009602421
007285673
005090937
004373195
008652360
005954001
005282437
007747457
009002538
008196226
006070337
006359175
010026502
003953173
009579208
004073017
008037926
006186182
010585749
005552562
005642688
008453851
006437617
009457728
004825872
009873759
011650401
004680772
008110733
009516728
009773270
002303903
009278216
004844367
010937749
008355131
009100953
012645057
010407086
008332521
006065351
006761777
004060229
008443527
004735826
004073089
003644505
009412623
004664743
006593734
009711297
007778621
005956354
008395860
012255382
006929285
006200529
004848321
008109107
006520753
010907132
009893468
006522745
011655826
001721157
012012439
011290515
011076276
004374610
009947653
012554634
005253802
008493354
006264750
010140843
008628761
004545570
007598111
009652655
004750669
010473272
007282042
006717252
005817685
004902202
007523542
009824928
003109937
009386171
007905106
011350118
011671579
011553598
004450844
002572029
009216775
009007151
003240406
012069414
005090803
008377197
008443265
011913072
008107611
006137779
002558163
008752940
005783732
009849884
009083470
011243547
007900100
009009036
011506654
008806985
010491525
005687700
004384909
006527078
004946049
005437348
002857607
003859042
008429668
005559651
007429240
005962262
010120548
007032001
004474462
010003058
009031703
006199864
005389956
007457278
010407210
012108364
012204137
008295671
004386607
007515336
003934657
009577855
008984755
006200612
007366895
012109267
009777200
005200084
003557560
008700895
005003670
004144873
003337061
005696918
009171886
012265786
010873178
008487838
011337012
002720828
008937762
008652577
008359569
009837828
011912987
009947389
004136659
003765917
007833305
008804937
003438976
006610064
012647577
004252671
002694632
007335972
005476671
006144039
010794509
006839010
005985713
007283710
009775385
005428471
002576224
011357664
003967501
006197344
002696703
006437226
002710623
003330684
007699298
007272132
002853889
012458605
008430053
007115661
010130057
006543645
008738244
004845862
004953173
004247811
009838608
010006641
010815916
005352640
007281484
004157052
004048898
005991765
003547760
004848115
003962872
002972800
011912911
007045435
008573168
010801249
003857860
004587135
005024252
004843592
007430876
009602775
007031430
008955709
007133294
011912916
012108293
009752973
005511659
009640946
004381429
005301093
010991239
010220837
007583650
009180566
008044600
009345819
011092040
004851145
003732894
006276791
010292540
005033823
008636600
010220950
010342316
010140122
005305399
003223433
012021811
008803757
004730442
005437762
009447166
003962684
009479306
009643043
008349399
008151055
007177555
010615440
005126932
004919550
006043562
010034146
004175105
009110610
005645170
005802292
002437897
005556726
005208962
002554853
004742188
008301878
007889486
010221505
008958359
006665860
007983117
011658036
012506417
010187563
005480884
005769810
010384298
003109550
012071754
009307105
009959494
006880517
003632089
006131130
006615511
004742452
008626325
004277304
003098605
009291039
011456405
009005321
004544684
010489539
008975368
005168498
009569711
005563300
005651829
012253769
008054719
004762283
006592335
012735830
003849187
010338279
004851239
009094763
002976017
006786224
005009688
010057494
007902003
006587796
011072016
009489953
005305240
009571186
011905409
005612697
008554701
005951416
008940918
008973285
003758922
008360041
009827596
009782748
006206559
002860656
009532117
006928906
009821151
008073705
005024429
004271474
005130983
009145415
006438379
002573108
009582496
004545926
011044779
009396760
003343281
007094944
005119619
011093538
003336476
010917433
009885417
007335713
005091479
009083564
005185765
006425597
005965819
008331612
010155029
007345248
011294883
011618569
011973517
005471566
002707985
005653072
009899141
005814013
008183288
011305996
007767733
006220312
005201593
005193659
006358937
006859801
006690171
009007609
009509223
010191036
004665991
008056651
006720773
004366323
002853029
007771181
010420301
011038580
012156174
004736644
010139390
004634135
005876805
005273713
006767227
008278073
005097856
001430305
011496490
010810859
005818068
003526331
007117549
002986833
012055539
012056139
006955671
011153259
011853130
004774646
007870282
009345933
010030778
005783938
011338056
003445812
009021075
004473613
008960918
004647662
010676750
008940700
011804437
009822284
009581589
008747009
008826007
008620402
004813793
009850966
008104030
006421137
008379021
007266212
005282477
006681546
009893278
007293937
009419020
007985733
004548162
004270799
008094120
006802536
008811490
004750341
008043721
006522824
009935642
006612327
007285757
005211922
004262040
008129005
004840156
005280587
006468904
005709906
004138008
004840672
007287677
010753922
004059887
005980061
009777556
008288741
006852354
003120904
005303346
003858879
007692248
003342467
006691169
008047428
011757451
002711597
009086001
005024138
006520519
009459162
011513486
009969287
011189311
004927734
004851283
005276332
010586744
010747501
011970050
010031918
010653179
012066569
006497146
003544640
003122872
008625813
004544628
011401253
009702945
009953575
004651399
007887890
005308296
007052511
004764774
011867608
010549902
010065053
009910828
006584273
012416597
005768816
008016691
010291589
005360974
005695615
010118266
004670267
007435780
008938937
005651846
010556180
008308070
006956136
006424561
010000162
012401132
006233483
007799701
010661917
005392871
004466356
003858851
003858917
007949593
003859151
009474232
008233326
007098255
010356124
010584140
005398002
004670361
006680911
004940203
005120225
006368175
006286161
004847843
005385471
006182846
005471158
009656543
010751515
009851126
003348093
011455428
006442602
010484409
010935993
006265665
008628665
005796185
005257082
008719419
004645174
009028474
003945802
003644542
006124137
005881307
003442054
006182849
009851142
005687986
006445531
010677186
005887316
009366988
004079530
011657614
009025914
003102000
011125797
006599975
004282191
003240159
003559860
007132542
007117003
006147851
003757590
010651945
008589754
009658118
009715925
002437149
005709103
009529733
010845188
009613070
006705026
003098843
005553959
007288306
006779726
005887393
005384713
012021387
005456023
006187888
011860395
008044608
006451368
008760135
005730394
004073707
003120308
010259301
006956216
006137704
008644365
002995392
009991621
005888187
010275074
008078502
003348216
010798838
002852528
009110346
008560940
004255422
010793576
008733497
010292238
006947164
009837544
007877824
005716508
006469946
006233903
007212066
009489947
005894182
006675060
006960487
006309264
010518735
007021177
009834257
006364582
009529744
006190535
010748621
006947668
004824268
007122259
006527016
006431670
007376500
005895083
008095110
003848966
003858988
010798605
009636559
009775253
011499263
002717158
006198256
009452897
007987086
009664276
002437112
009714123
006118370
007374746
008868907
008668810
006519865
003542574
003865298
007748487
010091110
009085563
003219037
005952448
003544694
005710069
009967009
009763612
011874338
008868364
009468384
010092312
006199716
009656397
005444491
003735629
003964545
008244173
003735634
006546508
005730380
009886224
006200810
003561464
010735564
005962509
006058875
004844470
005213404
006205566
006359802
007121885
006756202
009995771
007287391
005456319
006677267
010215869
007620844
007025540
002307206
005736801
007732791
008177798
005991070
009328641
010489521
009966219
011754430
012643582
011875511
006231721
003757778
009536108
005460434
005213230
008905246
006233466
006426592
011249624
008491745
011147814
003970117
009468382
006032920
008409295
006145201
007131760
008892720
011922778
010922659
009226339
005986209
006525209
005512513
005534965
009965206
008263752
005774375
011403216
007772914
004848423
009285265
003529290
006025124
005780930
004247023
004164393
006277410
009843517
005513861
008812045
007288444
003101923
009948002
010881457
011671429
010960995
005806800
005621333
009592575
007898576
005264304
003433668
011810124
003236705
005392897
006023859
003629330
005471289
008121328
009783760
002849140
008882847
009528430
005529552
007503885
009773869
005817957
006707942
011303322
011241912
006043538
005113053
008824737
005023948
011519134
009349757
004743508
007289338
005898983
005004909
006278670
008552719
012164634
005193077
010068919
005617259
007353970
008880123
009785454
005823557
010491554
008636333
006069674
012316447
008081239
007136958
003745559
001995732
009117416
006356400
005900235
008356054
008424002
010464666
005653795
009474756
008635938
007517261
005024292
008263746
004659255
003428468
005877292
006368230
007091432
007115291
009845909
009221528
006106046
006369845
009027909
006058816
005471688
007376490
005879448
005130740
004263529
007866921
009892471
011968513
002019076
006113752
006619815
011651712
003098197
008738775
006515722
007093401
007697103
007877818
009267996
007045605
005636642
006679504
005305404
003728432
005473535
005560831
006222898
003955866
011200767
012106934
008589731
004356766
002167890
004935914
008883727
002437783
005956776
004820550
011303811
012062660
009777087
006516874
011911580
009161118
009480535
010583225
010383696
005215251
003556229
011455484
009777090
009596089
002446623
005467113
005738506
011547869
005114623
009053086
008240123
004247807
010031907
005480736
007700590
007137213
009892856
008487748
004150804
006795089
002581316
009025971
003340313
006314185
005021174
008620561
008937019
009896435
010676927
010352938
002581554
010363115
005649836
003836399
007620660
005966810
010795103
006863158
010491062
009761615
004058881
008621353
008494410
008543279
007090867
007840035
008308347
009394601
006863161
008047283
006780367
010095484
007612691
008042789
009761573
010281221
005471496
005784777
005467102
004544620
006863187
006974867
002452440
005020034
011518142
009719636
007017372
003114667
007115550
012109845
008651551
003954227
007174349
011824218
005305451
010788461
009532637
008868649
006887030
006200709
011667548
007013923
005903301
005360082
007695087
006543683
008323764
004751083
009715939
007983756
012784167
005481426
007289165
010555365
011466960
008912730
008949316
009784230
004649440
002437488
003124420
008043052
008559589
010083623
007017437
005435816
004372765
004075067
004949524
010268903
007220320
009291378
003550434
005397166
006531143
002697935
005015459
002558370
007024530
002438490
001433980
006470521
002449090
003838496
002569494
005652260
011357192
011825057
005206233
012306699
012405950
004242692
007031066
006775985
008588377
003644601
009692336
009641008
008781480
006783732
011607176
010661718
006891124
006470516
007770471
006314173
004073730
005688997
008459354
007031340
005130380
007813039
002854948
006531617
004164922
012061969
002576107
010259029
003335813
006936966
008299947
005653849
006363494
009532421
011858741
002437060
009405541
007031638
008127648
005437945
012009347
006290382
011564013
005535890
007296094
009178185
009353742
005215980
004037163
008719324
010491544
003327992
011241814
005181804
005649206
004937143
005193384
007031726
005036537
009837083
012557548
005546277
003338674
008430105
003338660
008052474
009752982
004666008
003534118
008258160
010735331
005471606
002441161
003231120
012216706
008365739
005475736
007763269
011200405
007031898
005020044
011560037
008827930
009593759
011911561
009049673
003440118
006547322
004472818
009159265
006790592
003459199
005816806
006952971
003097352
009661869
006066379
006973796
004663185
006286155
004147444
005560830
005305471
012023089
007831363
007515679
006227560
005980800
008211824
009592850
008780968
008256044
008264097
005866104
009097892
003851949
006960446
009674592
006962901
010581918
005650314
008302302
010879213
008848288
004638237
005769943
004579313
005308419
011614528
006312521
004579321
006590307
001575690
005103998
010275880
004386047
009655858
006933781
002166200
002997178
010733174
003547315
008260198
011760860
005386904
006507433
008564976
008765560
006148271
012735740
007910148
004678875
008780959
012459731
007708193
007812175
005478083
005215700
008556077
010857342
007757698
005565486
008453214
008625821
010470616
008652999
010362031
012164770
009541322
006373680
003732035
005015913
005008501
005385575
008823833
005195172
009957351
005184709
008832512
005103942
005385697
009115681
008678664
007778664
009042357
008892721
008107034
010481045
003962751
008582291
007967861
005110683
005475494
008179325
009412445
005443775
005357470
007866914
006057684
005271608
009468717
007386391
005527172
005529643
009366989
009528420
009574614
009674608
010341905
009850957
007834712
010336927
012115188
008189801
009280239
011568224
007938883
003245661
004544571
005618071
006312534
006470917
009973855
007431709
006699368
010019399
009886255
006611330
010028352
007841368
008418129
010880007
006525185
010407054
010812504
008107115
010031707
009899217
006750902
006803855
010090219
010663411
007137725
006891366
006975615
010153855
010614012
010230571
007879648
010294613
007448023
005895588
006891637
010491044
010616415
006525193
006866251
004178606
010407020
007762723
008036287
005980208
010227863
007281668
009602562
007380829
007768952
007117710
007470491
009899483
009655129
010668665
010917681
010965740
005303557
008162790
011187436
011298815
007882360
007134626
004952341
011285136
011246161
011342573
009823519
004479633
005385491
007047824
005551504
008176019
010352333
007538434
010621666
006421503
010747439
010879656
012253474
012691412
010487119
005024482
010813841
003764879
007177766
011495766
009602613
005807769
005513897
007418173
002970804
003228988
011391667
008175131
003228804
003446451
006603756
011392017
011045383
007906739
003327993
008501062
012121470
005709889
005467124
002860114
007199644
003119256
008460600
011966253
010275805
009943435
002010191
005471675
002442359
007601665
007116024
003328026
003122985
012885212
002014991
002021440
012935144
003248019
007199724
004245933
009149789
005894073
006185496
007051984
007282168
007707742
004814502
008142787
009851943
005773121
002708420
012170648
006606438
003836453
003345675
006209798
009964670
003966262
008845574
004144231
011075429
006525249
005895158
006137681
009655419
011705004
011244682
005471690
003654950
007287028
003952651
008376848
005350447
004947556
007618364
004150390
008934103
004945877
004913000
002581191
006199702
006307083
006780158
007379385
005110423
007613620
005195945
009593528
007362696
008483258
003865595
007300182
005288577
007664272
004832225
011969988
009009953
007199756
005450814
007116519
005302006
010271691
004851464
005306720
010544677
009635510
005389540
004077901
007199883
006019872
008076630
008552587
007366501
005444384
008282846
007679812
005938970
010223615
007375348
003342463
005565497
008381693
005802478
005942093
004761060
005992270
005479802
006680177
005607631
007117126
004951249
009156585
008636434
005730389
003121340
004929299
004864734
007296438
006681233
005598595
006045250
010216045
012366681
007351237
001996399
007436215
005952366
009763754
008332986
008846163
007810483
009425139
007369865
006762829
002697169
007117147
009728465
006634133
007021534
007593110
008435247
010152836
005738634
006364327
007200485
009277210
010651816
012644769
007367164
006233890
003644523
011909686
008081187
007918172
008111919
008127586
008009496
004544572
006964043
007257363
007117485
002860793
011922722
007124026
007458309
005471059
003851130
007777372
009899414
007377200
006387969
006312314
007671950
008030339
006468337
007203326
009084778
008223328
010357040
010514429
007747103
008180020
006342333
006032517
010674871
008444552
009282769
007210749
004768846
008260234
003764714
011392618
007777416
004474645
005479717
007597005
004570949
004927315
010934313
011518201
010861608
006115516
010196493
005640511
007516809
009758032
009520443
007336093
010601465
007812455
007269881
006974658
010964265
009823564
007461307
006028860
009950316
009532424
010904004
003336283
005695904
006778019
001725415
004571536
011304987
011709423
010617638
008161830
008758136
012405333
011551715
006312171
010665043
007613246
012352520
007455981
007107561
006461850
002715695
011237332
008669092
009605552
002715695
005289857
005303185
005308777
007885494
005364090
005283728
005370944
005281714
006366559
006364307
006364143
006369548
006367663
005374838
006387557
006372194
006368905
005353137
005294945
007742408
003970397
003958301
003973549
004058169
004932689
004063943
003968809
003974928
004071638
005394585
005391911
005397106
005425908
005390913
005428199
008129042
005436415
006425377
005425643
006428602
006387887
004068391
006443093
006461675
006509282
006442735
006447372
006697817
003324644
003439096
001161949
008231667
004077252
004147171
004144238
004135912
004077767
004150972
004149060
005436455
005440435
004160006
005439000
005440472
005467126
005446961
005443320
006511182
006517064
006517200
006517255
005440651
006525196
006525398
006522124
006526377
001164301
001297263
001429589
001870398
004164511
001572948
004179201
001873513
001865864
004242806
004241238
004253860
004246343
005524229
001725193
005471108
004274816
005525484
005529385
005547424
005470851
006527229
005551240
004245861
006543674
006594945
006543192
006608090
006548429
006599305
002015013
002010607
006600515
002019199
002158460
002305255
002165352
002163226
004281700
004346339
004366923
002305543
004281023
004276114
004449752
004365461
005563057
005603270
005612111
004455763
005565261
005623137
006612411
005616628
005602409
006612973
006611779
006677415
006635813
006634112
006675757
002310993
002437209
002437653
002309910
002452289
002555080
004464689
004469825
002438406
002569488
004470888
004484179
004459503
004478142
005650420
005650930
005653163
005653152
005685113
005623839
006784887
005697395
006805414
006869373
006864891
006875342
004471313
002569516
006880123
006891512
002578811
007897936
006879183
002582800
002570432
004565943
007891264
002574543
004566848
004540508
004570555
004586482
002708270
002707916
004732015
004647949
004678873
005709014
005734702
005732636
005780194
005779606
006688318
006681473
005781991
005784803
005791713
006690523
006699562
006718474
006695801
002710101
006707260
002711123
002850321
002833632
002836076
006692742
002861298
002987433
004732137
004737848
004736439
004740375
004750406
002861126
004741777
005793275
004760478
005794687
005859725
005858519
006719052
005817712
005905728
005869272
006762188
006721603
006756369
006767337
003001955
006776555
003003673
003101178
006766583
006765563
002992634
003117115
003222680
003120397
004769799
004770798
003239171
004761427
004814168
004833409
005946568
004813750
005942112
004819158
005954894
004815612
005963591
005956038
005949765
006934045
006939913
005965629
007009548
006952570
007013635
006947062
003240049
007011044
003242039
003245638
003341760
003340165
006948815
004840327
004843751
003329985
003341982
004863260
004856592
004914221
004902673
004912650
005967194
005980354
005986270
005989391
005981058
004914399
003355104
006023571
006021840
006025174
003356156
003425363
003439031
003428127
003428359
003449870
003441795
004915582
004917357
003449540
004927738
004917658
004937140
004940376
006033602
004945035
004918303
006034834
006038152
006036286
006034379
006043490
006047853
003532510
003459529
006045404
003542928
003546821
003540873
003542117
003545749
004953262
004946581
003548645
005015027
005008775
005006817
004996558
005024476
005016163
006065010
006058896
006067545
006062298
006129632
006118840
003554819
006116605
006115356
003555178
003641216
003553900
003644399
003632330
005027859
005036052
005037742
005032842
005039053
003644649
005091808
005080565
006139220
006149980
006184894
006145939
006143819
006197658
006198670
003646449
003730176
003646515
003748239
003647097
003755522
003751118
005094412
005105886
005110453
005131276
005166811
006205384
006206470
005130563
006203955
006205405
006277594
006263468
006266866
003757521
003836450
005113146
005174677
003836509
003834728
005179609
003763724
005181086
003846515
003836522
005184144
005181299
005192660
005193813
005211631
005199426
006285906
006287131
006281127
006289897
006289459
004150611
006290467
006342980
004150611
006309307
006850665
007919516
004948730
004909707
003848919
003848948
003852865
003848665
003854101
005213005
003859890
003858926
005213811
003863877
005255259
005265982
005263802
005271637
005260419
005262539
006346894
006347890
006347434
006359929
006350031
006359881
006364064
006363560
011177676
012208887
007130418
003865815
011081512
010711551
007919867
003867593
003941219
004936990
003955444
003953106
009265521
003953212
003965326
009268456
009274092
009282853
009274431
009271739
009292100
010186761
010191056
009300066
010189542
010191449
010208477
010199984
010201891
010222603
007592339
007581535
007598326
007618231
007625138
007619667
007599004
008507073
008507586
008510197
008509781
008516349
008525101
008525286
008542879
009306677
009330740
009334027
009357578
009362842
009363944
009304976
010266852
010227881
010292000
009368524
010272858
010319341
010319834
010320341
010339000
007631138
007625143
007672215
007662502
007674050
007658229
007690782
008546464
007700561
008547366
008547213
008547525
008547537
008548403
008548454
008552607
009391817
009394762
009394953
009397862
009402670
009390655
009402859
010387792
010356840
009407689
010399137
010394802
010419108
010416390
010459749
010453009
007701809
007743464
007747197
007731281
007750342
007747091
007751133
007757620
008560475
008570210
008571421
008561192
008612291
008575061
008574794
008613769
009412267
009417931
009455322
009451521
009418508
009455526
010480952
009456887
010470779
009449320
010487228
010519727
010525077
010547378
010535708
007762717
010548411
007762153
007770901
007767781
007800285
007804128
007811057
008622875
008644545
008652997
007809049
008656535
008655076
008644911
008671707
008676061
009457533
009463329
009466486
009472328
009481235
009472341
009475697
010551346
010552151
009474485
010552263
010554421
010579570
010556891
010581308
010591578
007812990
007819520
007830953
007829836
007837526
007881464
007884986
007836096
008677186
008678345
008718273
008715589
008715564
008682751
008737343
008741367
009489348
009517242
009536727
009532603
009534832
009575728
009543302
010799291
010817600
010809888
010802364
010850327
007885558
010813078
010858504
010855545
007900727
007900695
007900450
007888863
007902719
007917068
007916058
008742270
008747222
008766285
008747910
008807988
008745553
008812360
008814872
009579072
009579606
009591728
009594184
009598315
009602595
009596820
010616656
009594992
010601163
010616317
010656842
010658177
010661679
007935997
010663976
007938499
007950158
007967210
007970194
007948619
007978202
008823893
008836224
008868481
008841297
008888745
008890417
008891684
008904714
009645188
009662475
009659022
009674789
009705620
009715631
009723746
010677763
009724993
010685764
010678912
010724569
010734441
010777591
010737437
010747162
007979297
008005002
008007174
008009811
007982917
008016650
008016211
008025718
008935352
008939211
008937555
008939650
008915379
008949512
008946267
009758615
008955741
009780149
009771920
009786017
009775475
009776907
009832379
009837659
010865043
010879899
010905641
010878117
010920086
010879247
010933306
010958972
008035322
008029848
008036863
008040308
008040457
008037038
008043968
008959240
008044083
008971044
008975776
008979500
009003126
009008125
009011877
009838414
009839030
009838582
009845362
009847239
009845931
009850843
007019580
007022603
007018210
007024045
007035812
007041972
008076215
007038988
007047299
008075618
008094942
008105398
008099517
008105719
008108437
008106139
009012244
009016592
009018021
009024568
009026248
009026007
009044060
009875101
009851638
009047416
009881660
009896438
009899607
009899514
009908486
009910043
007107567
007109680
007101726
007123580
007123614
007125794
007115671
007130612
008125917
008129333
008158429
008155368
008192427
008179747
008197406
008197176
009049697
009079671
009073549
009049550
009079767
009087071
009087853
009097470
009933600
009934274
009935983
009941136
009941387
009911112
009941550
007138841
007132462
009942658
007176424
007186436
007174911
007184556
007189825
007191523
008223655
008229361
008223445
008234889
008241258
008242350
008241736
008244947
009101279
009114614
009108058
009116075
009116510
009117123
009118858
009953491
009137257
009957668
009954225
009962595
009957659
009967398
009968924
009993683
007198587
007192680
007203858
007206422
007205717
007204233
007207081
007213311
008255058
008279146
008265239
008288404
008294683
008307489
008300828
008295087
009141355
009142225
009142334
009147029
009153246
009157030
009147012
009157523
009994381
010004515
010002266
010007492
010004772
010006096
010007916
010018364
007256460
007255910
007282470
007258902
007289139
007352727
007345136
007375100
008308639
008313697
008351919
008352009
008352016
008364969
009159461
008378278
009166700
009173014
009164003
008380743
009178502
009178894
009180282
009181402
010064591
010027861
010023469
010074700
010083325
010090854
010096697
010098540
007377343
007416016
007386200
007383840
007416646
007416306
007456380
007440715
008395870
008429817
008396288
008414914
008432034
008432249
008439618
008415353
009214176
009209981
009210738
009216231
009217583
009220614
009224514
009229807
010130646
010132552
010132908
010141271
010146103
010158715
007458433
010161534
007458743
007468295
007516073
007538450
007539174
007539277
007550875
008480642
008442463
008474892
008495232
008487777
008482513
008499922
008505674
011444772
011446961
011444974
011453930
011456256
011457664
011465658
011465869
011493378
011506938
011513366
011513441
011520465
011559493
011598638
011598894
011599800
011520114
011600299
011599937
011601425
011601633
011601972
011603298
011614808
011615258
011615521
011616434
011651240
011654039
011652427
011716643
011674709
011773174
011722217
011803074
011811382
011807906
011819396
011818566
011824578
011860294
011905398
011868941
011910670
011911929
011924426
011923213
011959893
011966643
011968514
012009917
012007270
012020376
012102775
012071775
012066767
012105086
012110901
012156805
012121701
012165063
012168895
012170767
012253490
012257851
012300524
012265150
012349560
010964747
010967168
012350136
010977671
010978581
010989620
010979952
012401859
010991389
012402588
012417572
012405436
012418418
012505590
012506986
010991431
011021266
011021676
011026582
011037818
011046723
011036168
011046870
012554212
012645262
012645761
012735793
012690465
012734110
012736658
012835139
011069681
011072982
011073238
011076176
011080702
011082795
011090561
011090926
011097752
011098704
011129145
011145391
011100170
011147785
011152511
011145637
011176166
011182213
011183752
011191364
011251991
011198419
011298442
011199233
011305417
011338918
011340218
011341266
011341314
011348610
011355925
011391512
011393248
011351454
011393633
011407847
011401845
008355178
011414368
008494783
008517303
008374077
008590149
002309587
003241344
003347485
002445134
002019477
002707097
002852810
002719873
002161623
002852810
008590780
008613338
008646141
008702921
008653134
008822421
008957954
003532985
008984706
003530668
003852258
003831911
003869326
003971315
003858919
002997455
003229028
003003991
003229028
003230787
009093086
007954278
009101400
009145861
009153823
004037428
009119652
004275328
004049124
004753561
004912991
005254230
003545840
003634051
005036966
003634051
007967517
003761319
003762553
003965879
004035675
009289960
009291629
009282687
009304842
009304923
009389245
009343862
008110757
005385139
008210370
005385269
005385150
005385509
005386163
005385773
005385566
004139254
005470960
004144236
004255944
004285087
004150701
004346875
009471755
009394605
009479460
009549472
009576197
009579860
008110758
008222395
005471068
009655711
005471192
005471217
005471770
005471769
005597970
004459068
008107150
005556804
004464394
004739229
004547480
004740676
004742420
009727765
009774400
009767392
009974142
009839081
010163066
005643492
005795648
009008103
005961350
006117415
006146418
005979863
006128027
004990977
004933476
004826439
005034333
005039441
008231299
005121173
005306984
010198662
010219361
010228942
010200627
010341878
006182019
010357831
006268722
006191945
006209347
006150977
006606934
006301030
005385548
008242769
005471617
005385778
005428657
010414727
010385682
005629353
010363233
010483644
010614158
010601549
006614926
006694186
006934587
006628237
007219906
007257373
005641294
005738698
007362852
007295570
005814635
005768927
005816144
010735988
010728219
008112324
010717220
010971944
011099351
010989274
011147460
010973583
008042747
007373877
007537945
007436177
008109692
007624297
007695093
007749318
005817566
007777397
005952403
006032730
006182093
006116172
011252617
011296437
008245108
011252617
011341164
011462969
007841986
007830321
007914906
007877820
008023317
008126531
006197038
008121067
006362386
006221385
008260269
006449358
011516930
011558882
006674908
006593968
008042835
011656928
011673686
008167938
008167978
008153568
008230809
008364115
008168581
008458207
006946681
006946708
006967278
007129465
007119080
007108433
007174617
011856178
011724210
011867071
011975363
012207117
008580438
008581232
008655458
009048145
008953059
008695779
009214712
007190639
009214715
007198881
007422883
007464205
012367464
007622059
012470041
008179286
009221398
009418619
009411317
009532123
009549471
009649222
009664215
007750740
007779942
007835312
007838906
007908367
007940533
009851123
009714358
009966115
010139305
010288922
010026458
008182107
007974634
008058507
010659313
008163784
008043882
008095099
010735519
010710755
010727668
008197767
010935310
011021252
011404644
011408935
008165617
008181016
008197761
008223568
008265156
011519226
011756821
011769146
011812199
011826400
008263187
012010534
007868092
007116117
009826171
003936658
004577484
005005618
004663658
010847721
010118942
009471539
005482603
002305819
009518710
010284575
003342952
010338624
005307990
002142501
002713018
008413968
004376629
008211605
011098573
009837586
008308682
006021655
006205481
003344427
008435232
004474637
005716244
005706592
005725851
005217733
005731312
005735878
005737869
005736461
005771589
008364232
006670742
006676725
006695889
006695622
006672229
006698670
006697716
007541746
006697976
007588436
007584778
007592529
007592922
007597703
007602351
007605600
008312222
008314801
008316503
008330575
008345358
008358008
008362974
008364119
009278021
009284741
009286728
009291748
009304561
009301564
009291368
009328852
010091257
010089123
010095512
010098534
010129482
010155080
010156064
011199725
011198723
008555967
011200773
011232745
011233911
011228612
011234677
011235323
003854496
003858884
003858767
003858757
003938073
003936061
003972391
003972432
005025217
003973002
005025234
005026187
005025294
005031804
005031882
005781192
005036530
005802285
005036516
005807579
005802470
005860347
005809372
005871918
005894825
008374394
006706287
006763884
006715997
006766748
006774408
006781047
008440062
006781535
006778289
007622072
007631194
007662209
007630658
007663804
007668648
007670485
007670617
008367298
008374499
008378656
008378922
008379547
008382339
008394475
008381592
008398290
009340411
009328864
009334490
009344623
009353182
009357275
009357375
009392702
008524110
010163067
009394920
010164018
010189523
010198109
010214328
010208759
010257903
010215422
011240948
010258558
011250867
011241560
011244571
011251058
011285625
011282568
001026032
011286311
004042088
001293379
003973504
004055092
004069063
004067549
004069213
004075064
004076952
004076061
005036538
005038469
005042785
005078879
005039687
005080346
005080652
005894972
005951140
005952309
005952457
005962716
005962514
005977541
005966732
005977804
006792124
006804648
006806632
006841577
006852488
006842345
006853172
008460634
006859546
007671594
007677005
007687365
007691527
007695445
007700500
007733540
007700578
007707736
008411947
008415863
008414216
008414159
008423903
008429450
008443812
008442795
008445775
009397900
009418994
009412462
009411943
009451096
009466042
009458266
009468296
010264202
010274244
010264293
010268809
010275887
010290021
010292465
010290447
010294608
011287726
011295085
011288772
011288492
011296724
011356602
011358392
011350389
001433531
002012722
001717528
002013883
001871483
002161949
004078693
004142768
002162994
004157488
004149684
004150703
004160669
004171955
005083138
004174507
005087223
005083252
005091075
005091614
002167444
005094301
005092799
005990753
005983348
006019971
006029130
006035335
006041511
006042116
006044064
006859813
006042663
006863840
006864569
006864859
006864706
006867219
006877673
006877871
007741048
007751562
006878408
007755741
007769072
007798259
007777365
007769815
008453191
008453324
008479107
008488876
008479386
008504570
008517433
008509346
009474969
009480398
009474222
009490342
009509207
009520700
010296163
009513168
009529294
010330495
010332789
010340228
010341787
010342097
010345862
010346522
010352603
011359305
011391181
011409698
011401869
011411639
011455795
011457191
011462556
002301068
002283362
002306740
002305372
002308957
002422820
002437452
002437804
004180396
004245897
002438061
004252226
004261960
004269252
004281895
004274071
005095269
004282390
005097278
005098757
005111801
005112198
005113809
005115178
005115379
005115688
006045093
006046311
006048106
006060580
006048255
006057750
006066107
006063448
008391983
006890618
006925263
006927629
006929016
006936977
006947837
006947623
006939670
006949550
007811211
007812893
007816680
007816935
007846730
007838639
007868967
007847927
008543278
008552540
008552500
008526387
008553788
008553907
008559863
008559796
009529856
008489260
009536048
009540450
009540675
009541567
009541163
009569866
009579192
010388451
008540376
010363300
010396708
010407464
010407047
010417704
010407430
010420279
010422852
011495989
011499757
011501774
011502172
011502179
011551652
011506235
011560431
011560382
002438517
002438062
002442084
002449245
002557430
002450716
002557350
002568971
004349935
004352168
004284147
004356621
004357985
004372410
004372620
004367544
005119143
005125048
004372961
005130890
005164794
005126627
005172274
005171707
005174492
006068947
006109688
006103049
006111011
006128141
006131659
006128245
006146838
006950275
006953219
006956176
006962018
006965293
006967430
007009828
007025851
007870250
007871395
007885518
007885570
007886329
007938468
008560861
007919653
007902204
008566113
008569819
008565900
008574270
008581658
008590527
008604993
008608490
009579789
009581498
009592855
009588862
009596187
009596064
009596892
009597095
010454401
010450504
010464199
010462826
010468514
010471113
010481054
010486425
011560447
011601357
011602794
011616200
011615481
011616631
011616663
002570505
002570767
011618798
002576692
002571075
002580872
002583777
002693092
002708156
004375101
002708172
004380283
004384793
004445630
004446411
004454219
004482738
004456622
005174920
004484312
005196851
005181455
005193439
005193386
005211470
005215508
006147573
005199978
006205460
006185717
006187508
006152521
006206751
006207053
006209225
006220470
007031132
007031732
007031767
007031992
007031948
007032174
007032117
007032383
007943535
007939761
007947631
007950775
007955301
007960547
007967100
007960295
008610483
008621026
008618226
008613446
008624860
008625408
008686442
008693536
008690001
009602431
009597854
009602538
009630640
009635529
009635520
009637299
009639106
009640123
010490960
010491031
010535807
010546063
010535858
010547685
010552700
010549576
011650543
011619964
011651105
011671646
011672354
011662440
011704044
011706658
002708445
002708614
002716979
002711114
002720354
002834463
002852560
004484356
002856960
004489844
004565985
004540632
004567118
004544623
004574310
004569590
004575824
005216727
005218014
005255552
005263167
005269407
005266937
005271803
005272571
006228703
006231401
006265961
006279823
006283224
006285094
006285396
006285397
007032968
007033748
007033713
007049486
007050754
007103300
007090801
007970629
007970760
007976435
007976136
007971389
007985167
008007675
007987749
008700506
008701327
008711548
008713828
008719897
008736245
008739209
008746310
008738115
009640921
009641031
009641103
009644411
009651602
009644683
009652166
010583181
010556578
010586619
010592163
010597164
010613718
010601538
010601579
011724091
011709022
008557246
011757422
011768970
011773625
011763910
011775530
008560280
002860594
011811454
002860788
002973509
002970670
002969638
002998124
002994092
003098194
004587448
004578594
004633434
004661634
004665989
004671584
004678171
004681152
008297017
004725292
005284133
005282656
005285607
005286786
005288543
005294739
005295206
005300878
005298620
006292732
006307000
006311637
006345758
006364195
006364126
006364200
007115200
007105574
006364247
007115332
007115463
007115878
007115597
007116043
007116226
008008128
008009500
008013289
008016692
008016214
008027902
008039925
008042644
008081389
008758161
008750094
008760760
008767034
008773948
008784288
008804358
008807057
009652632
008508493
009657636
009655424
009658089
009665503
009673173
009674320
009711751
010619109
009693803
010646620
010659624
010649230
010661913
010661976
010662021
008560927
010665228
011817750
011825996
011855538
011854636
011858541
011873166
011873171
003102024
011904704
003110937
003120320
003127817
003115480
003228740
003230227
004729553
003230206
004737302
004736208
004739565
004739194
004740688
004753988
004757331
005301955
005306862
005308778
005307574
005310435
005343976
005347784
005347537
006367439
006364294
006367628
006372268
006368222
006386784
006390236
006384840
006421188
007116236
007117513
007118545
007117541
007125636
007128918
007135549
007132015
008088354
008094140
008091197
008097825
008094221
008098300
008098515
008098960
008104436
008822585
008815279
008823397
008841616
008845221
008848104
008845552
008848115
009726452
008868657
009762514
009762519
009777062
009786821
009790965
009790965
009811915
009818732
010670112
010665749
010685175
010686876
010680424
010686930
010711913
010732401
011906217
011913052
011913071
011918482
011922782
011922648
011923819
011959569
003241619
003241662
011966557
003245000
003246867
003248332
003247294
003249334
003323289
004758350
003324069
004758368
004764969
004768756
004760959
004769824
004773155
004830859
004832273
005353938
005359678
005380812
005385469
005385647
005385667
005388229
006421483
005389184
006421937
006423922
006437993
006442246
006428942
006443392
007137798
007177553
007177892
007185487
007198648
007199935
007200102
007200225
008488381
008111622
008112013
008123937
008120820
008115647
008123170
008129189
008878681
008128965
008879427
008890996
008881169
008906676
008879915
008938628
008953278
008940961
009821078
009850387
009821428
009848420
009837013
009873869
009850912
009852050
010736223
010736489
010753734
010751908
010743600
010794242
010794405
010809677
010812541
011970288
011967004
012004679
011968490
012004680
012016243
012013615
012004689
003335816
003329643
003327980
012022517
003339538
003337438
003341934
003337548
004839180
003343866
004840263
004840818
004851217
004847832
004851338
004851356
004862332
004862625
005393558
005444392
005397905
005456979
005460835
005466109
005462901
006448768
005471010
006449291
006447326
006449552
006452742
006464285
006466939
006468938
008429014
007200301
007203179
007203194
007204073
007212722
007217088
007280953
007281217
008143170
008145789
007281229
008145958
008155654
008155584
008162376
008158324
008953281
008953426
008167504
008953475
008957572
008958811
008958939
008973000
009899193
009881258
009899153
009899410
009899421
009906489
009899577
009899583
010815677
010847907
010816107
010848097
010849244
010857589
010866969
012022718
012053823
012071006
012067960
012105785
012106875
012157983
012217907
003346543
012164751
003352751
003427776
003356193
003437739
003440230
004863753
003441340
004863369
003448323
004912589
004902030
004908495
004914709
004914737
005471141
005471415
005471328
005471480
005475712
005513822
005479973
006471229
005513833
006471230
006521174
006522750
006523216
006521542
006522353
006531485
006531801
007281356
007281399
007281410
007281616
007282008
007281699
007285616
007335514
008180290
008178616
008183389
008192861
008196180
008195877
008193315
008977176
008210721
009001468
009005854
009007918
009007953
009025739
009029486
009906802
009906841
009913481
009909965
009913798
009934208
009932197
009936698
010867017
010909274
010920813
010924400
010932270
010923260
010937609
010936427
010965963
012268220
012251779
012302391
012353633
012304728
012351927
012353720
003458919
003542573
008565912
003543270
003544678
003547178
003548622
003545626
004917014
004931073
003556742
004932691
004939265
004940201
004946680
004947726
005529501
004948863
008308516
005534476
005530881
005534702
005529560
005552808
005535280
005564082
005553624
006548447
006545018
006543682
006551106
006584167
006584278
006590726
006591789
006593363
007336754
007345335
007350067
007362534
007362632
007366036
007365447
007366065
008211521
008227464
008227086
008229048
008231877
008240109
008234477
009049010
008240861
009085039
009083503
009093566
009098590
009098810
009099773
009101208
009943009
009944201
009944421
009945280
009953736
009958053
009959093
009963009
010976412
008545603
010979716
010982373
010987439
010991989
010989032
010992733
011019739
012356746
012365000
012356914
012365015
012367017
012367310
012403968
012418816
012418662
003558803
003634169
003644174
003655326
003656322
003656700
003659940
004949214
003663494
004949027
004950341
004950557
005000179
005017058
004995716
005018787
008345473
005598639
005597361
005610698
005617510
005616489
005621294
005632781
005621299
005622250
006594972
006595662
006603765
006606282
006606669
006610219
006607610
006610433
007368103
007369523
007376982
007381580
007381695
007385478
007421876
007385387
008243263
008244295
008248103
008262223
008265990
008256882
008265520
008283875
009119405
009150870
009156957
009159301
009172506
009163674
009164788
009179531
009963639
009971475
009965691
010000490
010014702
010019854
010002049
010020423
011027270
011027722
011029877
011068630
011071207
011073223
011076279
011092783
011124509
012458817
012454800
012470530
012504353
012519942
012555616
012506342
012557713
003746248
003733638
003748855
003757588
003764411
003766353
003765692
005019567
005021432
005021732
005022440
005022900
005024268
005024126
005024372
005633259
005647638
005686974
005696909
005700330
005697628
005702770
006614748
006629156
006628926
006629588
006636020
006664842
006665064
006670610
007431665
007447895
007455553
007461314
007456521
007499571
007541502
007461521
007537660
008288719
008285254
008285970
008294484
008301013
008302455
008296467
008311864
008302473
009181340
009203154
009210828
009207508
009205993
009236858
009243795
009221627
009266285
010031409
010026457
010026136
010031526
010031808
010053138
010063044
010066755
010070479
011134079
011137061
011147276
011144439
011154043
011182260
011187972
003831523
003830820
003834364
003836413
003836439
003838004
003851134
003851193
009655792
009970396
009595956
010079420
010253638
010341777
010267121
010407271
010471345
010471167
011296798
010471174
011463950
012253534
011559304
011621897
012304202
004737267
005955321
003123418
003458687
003955867
004074294
003965201
004384652
004380560
004483235
004662363
004680745
004851195
004862924
005024414
005177065
005268955
005598645
005444276
005271090
005908086
006307243
005696518
005878506
006443274
006385302
006350522
006508734
006590362
006876575
006628740
006527050
007031126
007031742
007031208
007032568
007115384
007032687
007116859
007116282
007133286
007362450
007186259
007281694
007214090
008007262
008096395
008168509
008106973
008258103
008297319
008444868
008579684
008649876
008423344
008846809
008868686
008682094
009025662
008572936
009837578
007821010
005473556
009092897
006504534
006307062
009246715
009292130
009541144
008677057
008749844
008757213
008880003
008953296
008703491
009043947
008962007
009079587
008761550
008590776
008703506
008686761
008873450
008880317
008639155
008750503
008712863
009021047
008587439
009079915
010268714
010253977
010208894
010214873
010351947
010281311
010160922
010341876
010198225
010219288
010214341
010263598
010266860
004763020
010226343
005128966
005288744
005305225
005637036
005598216
010385708
005647008
010404545
010425070
010461045
010493253
010515564
010322797
010321972
010321927
010331279
010338529
010383729
005709226
010340212
005775090
005791705
005802205
005858919
005812648
010519701
005872139
010735575
010753394
010664150
010907307
011087662
010389280
010875937
010397315
010405224
010405482
010403228
010405546
010407191
005955427
005956977
005955197
006049470
006043574
006105359
006114140
011338091
011099109
011124353
011400356
011446424
011456839
011449696
010452252
010470993
010470882
010462462
010471005
006119605
010471204
010471055
006230649
006286633
006451125
006507334
006516529
011558217
011501492
011649292
006521526
011760931
011854061
011872364
011868122
010471243
010471296
010535886
010535897
010535926
010535991
010536177
006600492
006685403
006848529
006846544
006887321
007020168
012069319
006953281
012012872
012252732
012121118
012554051
012554485
010536241
012555140
010614845
010616829
010730250
010686909
010790401
010801951
007053328
007049771
007106437
007117050
007185710
007282872
007340624
012647110
012647757
003629119
003662635
003734501
004169315
004446859
009084569
009099607
009087580
010844823
010862284
010877024
010862759
010920281
010920420
011032748
007622473
007662744
007686191
007690521
007747835
007762886
007811537
004566999
004572728
004569942
004772095
004847801
005026023
005098334
009118340
009142714
009101271
009159198
009210820
009278575
009227215
011135119
011098004
011139682
011145726
011152950
011182706
011294822
007874976
007888957
007900114
007936194
007959310
008012732
005468555
005391407
005638699
005683219
005956171
005871116
006032318
009347066
009390228
009392016
009469494
009429631
009521317
009518558
011348086
011350634
011296205
011357185
011358305
011443757
011392362
008028465
008129641
008226720
008439949
008307354
008588982
008527297
006195669
006356506
006182508
006583107
006946985
006681618
007106438
009529148
009541094
009531850
009588880
009579753
009602658
011453349
009592831
011560397
011565903
011601597
011612241
011661803
008608544
008618147
008630840
008683144
008708961
008740744
007451315
007832787
008008913
008022520
008293631
008108450
009604563
009639021
009650579
009640649
009643210
009650762
011709006
011714107
009651155
011724094
011804952
011774383
011904835
011819135
008742735
008743244
008748435
008808064
008766268
008813404
008637903
008673511
008329346
008873674
009159288
009011955
009209808
009656547
009710611
009658192
009710626
009710792
009770983
011918793
011922290
009777089
011966668
012008916
012004656
011967872
012021943
008815031
008821936
008873873
008832676
009084832
009075882
009093859
009388557
009239670
009532997
009536836
009592621
010010452
010226420
009777990
009826551
009813678
009838537
009838761
009851983
009839062
012156930
012266099
012307496
012419303
012453855
012459808
012602999
009216810
009114508
009268159
009340460
009468848
009409493
009649205
010341781
010471090
010459805
010532751
010585887
011867733
011923074
009873004
009899216
009899256
009899345
009899621
009899623
009906688
002010152
012644020
002284957
002712825
003443582
003533483
003663850
009771576
009827094
009837720
009874581
009873604
009962731
012168280
009899449
012117215
009941425
009912977
009959368
009938836
010014875
009959765
003954211
010011213
004056579
004276445
004371172
004557341
004645492
010023069
004738095
010028127
010079481
010079317
010081899
010199817
010031643
010205598
010090151
010128825
010155286
010147276
010156110
005108214
005470739
005183357
006442377
005738346
005695524
007955580
009941066
008349405
010415227
008164262
011768142
009153570
004484336
012469800
006962109
005857540
007769819
010518399
008560804
005906426
009958387
011100670
010842192
009962455
005106313
005307568
007610663
002708203
009640985
007690855
007778427
007826620
008104207
011181260
008240746
005457326
007466270
011153476
005819801
009776186
007510820
003867794
009307966
006116035
008233802
004645833
009838060
005389632
004996057
009031209
008328916
007117355
011456279
009907505
008906045
005008245
009533489
012833566
005857656
004750962
009153554
010664416
005698524
008127607
007552701
003962728
007282154
006195792
010618044
009848760
006615600
004928119
010093664
007097571
008702537
007751294
